4315
4314
4313
4311
4308
4307
4306
4305
4295
4285
4283
4282
4280
4279
4275
4268
4267
4265
4264
4263
4262
4261
4260
4259
4258
4255
4230
4229
4228
4226
4225
4223
4222
4219
4218
4217
4216
4215
4213
4212
4207
4206
4205
4204
4203
4168
4167
4152
4151
4148
4147
4146
4145
4144
4143
4138
4137
4136
4135
4134
4132
4131
4129
4128
4076
4075
4073
4072
4064
4062
4061
4060
4059
4058
4057
4056
4055
4051
4050
4048
4047
4046
4044
4043
4038
4036
4033
4032
4031
4024
4023
4022
4021
4020
4017
4015
4008
4007
4006
4005
4004
4003
4001
3999
3998
3997
3996
3995
3926
3922
3921
3916
3915
3914
3911
3910
3909
3890
3889
3879
3877
3875
3834
3833
3832
3831
3830
3829
3808
3807
3806
3804
3789
3788
3775
3774
3773
3764
3763
3762
3761
3760
3759
3758
3756
3755
3754
3752
3746
3744
3739
3737
3734
3724
3723
3722
3708
3707
3693
3687
3686
3684
3679
3675
3674
3601
3600
3589
3462
3460
3446
3445
3443
3436
3435
3384
3383
3379
3362
3352
3330
3303
3302
3300
3296
3286
3284
3282
3281
3279
3278
3275
3274
3273
3271
3270
3269
3263
3262
3261
3257
3256
3254
3253
3252
3250
3249
3247
3246
3245
3244
3243
3242
3241
3239
3238
3237
3236
3235
3234
3233
3230
3223
3222
3215
3213
3159
3158
3157
3151
3119
3118
3116
3113
3111
3109
3097
3096
3094
3093
3078
3077
3075
3074
3071
3070
3069
3064
3060
3049
3045
3044
3042
3040
3039
3035
3031
3001
3000
2995
2994
2993
2987
2977
2976
2973
2971
2970
2951
2950
2949
2948
2947
2941
2930
2929
2925
2924
2922
2910
2909
2908
2878
2862
2861
2848
2847
2846
2844
2843
2842
2841
2839
2838
2835
2834
2833
2832
2831
2827
2826
2817
2815
2812
2810
2801
2800
2799
2798
2797
2794
2793
2789
2788
2787
2786
2779
2778
2777
2776
2774
2771
2769
2768
2767
2761
2760
2759
2758
2753
2752
2751
2732
2731
2730
2728
2727
2717
2715
2713
2711
2710
2709
2708
2707
2675
2674
2673
2671
2670
2669
2636
2635
2621
2619
2618
2617
2616
2610
2605
2604
2601
2600
2595
2594
2590
2583
2572
2548
2545
2518
2409
2315
2177
2062
2055
2041
2040
2032
2031
2030
2029
2019
2018
2017
2014
2012
2011
2010
2009
2008
1998
1997
1996
1993
1992
1991
1990
1940
1936
1935
1934
1931
1929
1920
1912
1701
1637
1473
1472
1470
1468
1466
1464
1462
1459
1457
1456
1455
1453
1447
1446
1445
1444
1443
1442
1441
1440
1426
1425
1423
1422
1420
1419
1417
1412
1411
1410
1409
1408
1406
1405
1404
1403
1401
1400
1399
1398
1397
1396
1394
1393
1392
1391
1390
1389
1387
1386
1385
1383
1382
1379
1378
1377
1376
1374
1373
1372
1371
1370
1369
1368
1367
1365
1364
1363
1362
1359
1357
1354
1351
1349
1348
1347
1346
1345
1343
1341
1340
1337
1336
1334
1332
1330
1329
1328
1327
1326
1325
1324
1323
1322
1318
1317
1316
1307
1306
1305
1299
1298
1293
1291
284457
284490
284465
284491
287704
287705
287706
287707
287708
287711
287712
287713
287714
287749
287750
287758
287761
287763
290962
290963
290964
290965
290966
290967
290968
290969
290971
290972
290973
290974
290975
290976
290977
290978
290979
290980
290981
290982
290983
290984
290986
290987
290988
290989
290990
290991
294172
294173
294179
294180
294181
294182
294183
294185
294186
294187
294188
294190
294191
294192
297299
297300
297301
297302
297303
297304
297305
297306
297307
297309
297320
297321
297322
299665
299669
299670
299671
299672
299673
299674
299675
299676
299677
299679
299681
299682
299684
299685
299686
299688
299690
302887
302888
302889
302892
302893
302894
302913
302939
306161
306162
306163
306168
306169
306170
306171
306172
309433
309447
309453
309455
312733
312734
312735
312736
312737
312738
312739
312769
312770
312783
312784
312785
312786
312797
312798
312799
312800
316092
316093
316094
316119
316120
316123
316124
316125
316126
316127
316128
316129
316131
319338
319339
319347
319348
322650
322654
322656
322663
322665
322666
322667
322668
322669
322672
322673
322674
325655
325657
325658
325660
325661
325662
325664
325665
329022
329023
329026
329027
329028
332417
332418
332419
332420
332421
332422
335787
335788
335789
335794
335797
335798
335799
335800
339189
339190
339191
339192
339193
339199
339200
339201
339202
339203
339204
339206
339207
339208
339210
342570
342586
342588
342589
342590
342591
342592
342593
345844
345845
345846
345847
345848
345849
345850
345851
345852
345853
345854
345855
345856
345870
345899
345901
345902
345903
345904
